MCS___160	4
MCS___275	4
MCS___294	1,2,3,4
MCS___320	3
MCS___360	4
MCS___361	3
MCS___394	2,3,4
MCS___401	3,4
MCS___411	3,4
MCS___415	3,4
MCS___421	3,4
MCS___423	3,4
MCS___425	3,4
MCS___441	3,4
MCS___451	3,4
MCS___471	3,4
MCS___472	3,4
MCS___481	3,4
MCS___494	3,4
MCS___496	1,2,3,4
MCS___501	4
MCS___507	4
MCS___521	4
MCS___541	4
MCS___548	4
MCS___549	4
MCS___563	4
MCS___565	4
MCS___571	4
MCS___572	4
MCS___573	4
MCS___582	4
MCS___583	4
MCS___584	4
MCS___590	4
MCS___591	4
MCS___593	1
MCS___595	1
MCS___596	1,2,3,4
MCS___598	0,1,2,3,4,5,6,7,8,9,10,11,12,13,14,15,16
MCS___599	0,1,2,3,4,5,6,7,8,9,10,11,12,13,14,15,16
