BPS___430	2
BPS___494	1,2,3
BPS___506	4,5,6,7,8,9,10
BPS___507	3
BPS___510	3
BPS___518	2,3
BPS___542	2
BPS___545	3
BPS___570	2
BPS___573	4
BPS___574	4
BPS___580	2
BPS___581	4
BPS___582	4
BPS___583	4
BPS___584	4
BPS___585	3
BPS___586	1,2,3,4
BPS___587	1
BPS___588	3
BPS___589	3
BPS___590	1,2,3,4,5,6,7,8
BPS___591	1,2,3,4
BPS___592	2,3,4
BPS___593	0,1,2,3,4,5,6,7,8,9,10,11,12,13,14,15,16
BPS___595	1,2
BPS___596	1,2,3,4,5,6,7,8
BPS___597	3
BPS___598	0,1,2,3,4,5,6,7,8,9,10,11,12,13,14,15,16
BPS___599	0,1,2,3,4,5,6,7,8,9,10,11,12,13,14,15,16
