PSCI___300	1,2,3
PSCI___380	1,2,3
PSCI___390	1,2
PSCI___421	1
PSCI___425	1
PSCI___447	1
PSCI___485	2
PSCI___499	1,2,3
PSCI___501	3
PSCI___502	1
PSCI___503	1
PSCI___504	1
PSCI___505	1
PSCI___510	3
PSCI___518	2,3
PSCI___519	3
PSCI___520	3
PSCI___521	3
PSCI___522	3
PSCI___523	1,2,3
PSCI___530	5
PSCI___531	3
PSCI___532	3
PSCI___533	2
PSCI___541	2
PSCI___591	1,2,3,4,5,6,7,8,9,10,11,12
PSCI___592	1,2
PSCI___594	1,2,3,4
PSCI___598	0,1,2,3,4,5,6,7,8,9,10,11,12,13,14,15,16
PSCI___599	0,1,2,3,4,5,6,7,8,9,10,11,12,13,14,15,16
