NUPR___405	4
NUPR___410	4
NUPR___415	4
NUPR___416	3
NUPR___420	4
NUPR___506	3
NUPR___514	1,2,3
NUPR___520	3
NUPR___521	3
NUPR___522	5
NUPR___523	5
NUPR___531	3,4,5,6,7
NUPR___532	3,4,5,6,7,8
NUPR___533	2,3,4,5
NUPR___539	5
NUPR___540	5
NUPR___541	5
NUPR___548	3,4
NUPR___549	2,3,4,5,6,7,8,9,10,11,12,13,14
NUPR___551	1,2,3,4,5,6,7,8
NUPR___552	1,2,3,4,5,6,7,8
NUPR___553	1,2,3,4,5,6
NUPR___556	3,4
NUPR___557	2,3,4
NUPR___564	1
NUPR___572	1,2,3,4,5,6,7,8
NUPR___573	1,2,3,4,5,6,7,8
NUPR___574	1,2,3,4,5,6,7,8
NUPR___575	1,2,3
NUPR___580	1,2,3,4,5,6,7,8
NUPR___591	4
NUPR___593	1,2,3,4
NUPR___594	3
NUPR___595	1,2,3,4,5
NUPR___597	4
