IPHS___401	4
IPHS___402	6
IPHS___403	4
IPHS___404	3
IPHS___405	3
IPHS___409	3
IPHS___410	3
IPHS___415	3,4
IPHS___416	3,4
IPHS___420	0
IPHS___421	0
IPHS___430	2
IPHS___440	4
IPHS___450	3
IPHS___451	3
IPHS___452	3
IPHS___453	2
IPHS___454	3
IPHS___455	3
IPHS___456	1
IPHS___494	1,2,3,4
IPHS___500	2
IPHS___503	3
IPHS___505	3
IPHS___510	3
IPHS___512	3
IPHS___513	3
IPHS___516	4
IPHS___520	3
IPHS___521	2
IPHS___522	2
IPHS___523	3
IPHS___524	3
IPHS___525	2
IPHS___526	2
IPHS___527	3
IPHS___528	3
IPHS___529	3
IPHS___530	3
IPHS___531	2
IPHS___532	2
IPHS___533	2
IPHS___534	3
IPHS___535	2
IPHS___536	3
IPHS___540	1
IPHS___554	3
IPHS___590	1,2,3
IPHS___591	1,2,3,4,5,6,7,8
IPHS___592	1,2,3,4,5,6,7,8
IPHS___593	4
IPHS___594	1,2,3,4
IPHS___595	1,2,3
IPHS___596	1,2,3,4
IPHS___598	0,1,2,3,4,5,6,7,8,9,10,11,12,13,14,15,16
IPHS___599	0,1,2,3,4,5,6,7,8,9,10,11,12,13,14,15,16
IPHS___650	0,1,2,3,4,5
IPHS___651	3
IPHS___660	1
IPHS___661	0,1,2,3,4,5,6,7,8,9,10,11,12,13,14,15,16
IPHS___698	1
IPHS___699	0,1,2,3,4,5,6,7,8,9,10,11,12,13,14,15,16,17,18
