STAT___101	4
STAT___130	4
STAT___194	1,2,3,4
STAT___361	2
STAT___362	2
STAT___381	3
STAT___382	3
STAT___385	3
STAT___401	3,4
STAT___411	3,4
STAT___416	3,4
STAT___431	3,4
STAT___451	3,4
STAT___461	3,4
STAT___471	3,4
STAT___473	3,4
STAT___475	3,4
STAT___481	3,4
STAT___485	3,4
STAT___486	3,4
STAT___494	3,4
STAT___496	1,2,3,4
STAT___501	4
STAT___502	4
STAT___511	4
STAT___512	4
STAT___521	4
STAT___522	4
STAT___531	4
STAT___532	4
STAT___535	4
STAT___536	4
STAT___585	4
STAT___591	4
STAT___593	1
STAT___595	1
STAT___596	1,2,3,4
STAT___598	0,1,2,3,4,5,6,7,8,9,10,11,12,13,14,15,16
STAT___599	0,1,2,3,4,5,6,7,8,9,10,11,12,13,14,15,16
