OT___350	3
OT___360	2
OT___494	1,2,3,4
OT___496	1,2,3,4
OT___500	4
OT___501	3
OT___502	1
OT___506	3
OT___507	2
OT___510	4
OT___511	4
OT___512	5
OT___515	1
OT___516	3
OT___519	1
OT___520	1,2,3
OT___522	5
OT___523	4
OT___524	2
OT___526	3
OT___528	2,3
OT___529	1
OT___530	1,2,3,4,5,6,7,8,9,10,11,12
OT___531	1,2,3,4,5,6,7,8,9,10,11,12
OT___532	1,2,3,4,5,6,7,8,9,10,11,12
OT___533	1,2,3,4,5,6,7,8,9,10,11,12
OT___535	2
OT___538	1
OT___539	1
OT___540	4
OT___542	3
OT___548	8
OT___549	4
OT___553	3
OT___555	2
OT___558	1,2,3
OT___561	4
OT___563	2,3
OT___564	3
OT___565	3
OT___568	0,1,2,3,4
OT___569	2,3,4
OT___570	3
OT___571	3
OT___590	1
OT___592	0,1,2,3,4,5,6,7,8,9,10,11,12,13,14,15,16,17,18,19,20
OT___594	1,2,3,4
OT___595	1
OT___596	1,2,3,4
OT___600	3
OT___601	2
OT___602	2
OT___603	4
OT___604	1
OT___605	2
OT___607	2
OT___610	2
OT___611	4
OT___612	6
OT___615	2
OT___617	2
OT___624	3
OT___626	2
OT___628	1
OT___629	1
OT___630	3
OT___631	4
OT___632	4
OT___635	1
OT___636	2
OT___637	1
OT___640	3
OT___641	2
OT___645	1
OT___646	1
OT___647	1
OT___648	1
OT___649	6
OT___650	6
OT___654	3
OT___655	1
OT___668	1
OT___669	0,1,2,3,4,5,6,7,8,9,10,11,12
OT___678	0,1,2
OT___679	0,1,2,3,4,5,6,7,8,9,10,11,12,13,14
OT___690	1
OT___695	1
