PHYB___301	5
PHYB___302	5
PHYB___321	2
PHYB___322	2
PHYB___396	1,2,3,4
PHYB___399	1,2,3,4
PHYB___502	2
PHYB___512	2
PHYB___516	2
PHYB___518	3
PHYB___530	2
PHYB___531	3
PHYB___540	2
PHYB___551	5
PHYB___552	5
PHYB___561	4
PHYB___562	3
PHYB___563	3
PHYB___564	4
PHYB___565	2
PHYB___569	3
PHYB___571	2
PHYB___572	2
PHYB___585	4
PHYB___586	3
PHYB___590	1
PHYB___591	1
PHYB___592	3
PHYB___594	1,2,3,4
PHYB___595	1
PHYB___596	1,2,3,4
PHYB___598	0,1,2,3,4,5,6,7,8,9,10,11,12,13,14,15,16
PHYB___599	0,1,2,3,4,5,6,7,8,9,10,11,12,13,14,15,16
