ECE___115	4
ECE___194	1,2,3,4
ECE___210	3
ECE___225	4
ECE___265	4
ECE___266	4
ECE___267	3
ECE___294	1,2,3,4
ECE___310	3
ECE___311	4
ECE___317	4
ECE___322	4
ECE___333	4
ECE___340	4
ECE___341	3
ECE___342	4
ECE___346	4
ECE___347	3
ECE___350	4
ECE___366	3
ECE___367	4
ECE___368	4
ECE___391	1
ECE___392	1,2,3,4,5
ECE___394	1,2,3,4
ECE___396	2
ECE___397	2
ECE___407	3,4
ECE___410	3,4
ECE___412	3,4
ECE___415	3,4
ECE___417	0,1,2,3,4,5
ECE___418	3,4
ECE___421	3,4
ECE___423	0,1,2,3,4,5
ECE___424	0,1,2,3,4,5
ECE___432	3,4
ECE___434	3,4
ECE___436	3,4
ECE___437	3,4
ECE___440	3,4
ECE___442	0,1,2,3,4,5
ECE___445	0,1,2,3,4,5
ECE___448	3,4
ECE___449	0,1,2,3,4,5
ECE___451	3,4
ECE___452	3,4
ECE___454	0,1,2,3,4,5
ECE___458	0,1,2,3,4
ECE___464	3,4
ECE___465	3,4
ECE___466	3,4
ECE___467	0,1,2,3,4,5
ECE___468	0,1,2,3,4,5
ECE___469	0,1,2,3,4,5
ECE___491	1,2,3,4
ECE___493	1,2,3,4,5
ECE___496	0,1,2,3,4,5,6,7,8
ECE___497	0,1,2,3,4,5,6,7,8
ECE___499	0
ECE___508	4
ECE___510	4
ECE___515	4
ECE___516	4
ECE___517	4
ECE___520	4
ECE___521	4
ECE___522	4
ECE___523	4
ECE___526	4
ECE___530	4
ECE___531	4
ECE___532	4
ECE___533	4
ECE___534	4
ECE___540	4
ECE___541	4
ECE___542	4
ECE___545	4
ECE___550	4
ECE___551	4
ECE___552	4
ECE___559	4
ECE___564	4
ECE___565	4
ECE___566	4
ECE___567	4
ECE___568	4
ECE___569	4
ECE___572	4
ECE___591	1
ECE___594	4
ECE___595	0
ECE___596	1,2,3,4
ECE___598	0,1,2,3,4,5,6,7,8,9,10,11,12,13,14,15,16
ECE___599	0,1,2,3,4,5,6,7,8,9,10,11,12,13,14,15,16
