UPP___220	3
UPP___302	6
UPP___403	3,4
UPP___405	0,1,2,3,4
UPP___420	1,2,3,4,5,6,7,8
UPP___452	3,4
UPP___453	3,4
UPP___458	2
UPP___459	2
UPP___460	3,4
UPP___461	3,4
UPP___462	3,4
UPP___463	3,4
UPP___464	3,4
UPP___465	0,1,2,3,4,5
UPP___470	3,4
UPP___471	3,4
UPP___472	3,4
UPP___473	3,4
UPP___474	3,4
UPP___475	3,4
UPP___492	3
UPP___493	1,2,3,4
UPP___494	3
UPP___500	4
UPP___501	4
UPP___502	4
UPP___505	4
UPP___506	4
UPP___507	4
UPP___508	4
UPP___510	4
UPP___514	4
UPP___516	4
UPP___517	4
UPP___520	4
UPP___521	4
UPP___525	1,2,3,4
UPP___530	4
UPP___531	4
UPP___533	4
UPP___535	1,2,3,4
UPP___536	4
UPP___540	4
UPP___541	4
UPP___542	4
UPP___543	4
UPP___544	4
UPP___545	1,2,3,4
UPP___550	4
UPP___553	4
UPP___555	1,2,3,4
UPP___556	4,5,6,7,8
UPP___557	4
UPP___558	4
UPP___560	4
UPP___561	4
UPP___562	4
UPP___563	4
UPP___564	4
UPP___565	1,2,3,4
UPP___566	4
UPP___567	4
UPP___569	4
UPP___570	4
UPP___571	4
UPP___572	4
UPP___575	4
UPP___580	1
UPP___581	2
UPP___583	4
UPP___584	4
UPP___586	1,2,3,4
UPP___587	4
UPP___588	4
UPP___589	4
UPP___590	0,1,2,3,4
UPP___591	1
UPP___592	1,2,3,4,5,6,7,8,9,10,11,12,13,14,15,16,17,18
UPP___593	1,2,3,4,5,6,7,8
UPP___594	1,2,3,4
UPP___595	2
UPP___596	1,2,3,4
UPP___597	0,1,2,3,4
UPP___598	0,1,2,3,4,5,6,7,8,9,10,11,12,13,14,15,16
UPP___599	0,1,2,3,4,5,6,7,8,9,10,11,12,13,14,15,16
